3923.02085268
4037.06378268
4200.12711268
4303.13630268
4404.18398268
4560.28509268
4691.32558268
4819.42054268
4918.48895268
5032.53188268
5163.57237268
5262.64078268
5333.67789268
5404.71500268
5501.76776268
5629.86272268
5760.90321268
5946.98252268
6062.00946268
6190.10442268
6318.16300268
6465.23141268
6562.28417268
6676.32710268
6777.37478268
6905.46974268
7004.53815268
7061.55961268
7208.62802268
7279.66513268
7382.67432268
7519.73323268
7632.81729268
7731.88570268
7845.92863268
7976.96912268
8091.99606268
8191.06447268
8354.12780268
8501.19621268
8638.25512268
8735.30788268
8838.31707268
9001.38040268
9130.42299268
9258.48157268
9405.54998268
9561.65109268
9618.67255268
9717.74096268
9854.79987268
10010.9009827
10123.9850427
10271.0534527
10358.0854827
10459.1331627
10590.1736527
10718.2322327
10846.2908127
10974.3857727
11089.4127127
11160.4498227
11346.5291327
11459.6131927
11606.6816027
11705.7500127
11792.7820427
11920.8770027
12021.9246827
12150.9672727
12253.9764627
12382.0350427
12513.0755327
12612.1439427
12669.1654027
12768.2338127
12931.2971427
13044.3812027
13147.3903927
13250.3995827
13363.4836427
13494.5241327
13622.6190927
13679.6405527
13808.6831427
13937.7257327
14038.7734127
14175.8323227
14274.9007327
14345.9378427
