19030.102198
3982.98378902
4085.99297902
4098.01072902
4199.07703902
4229.05121902
4312.16109902
4326.10397902
4463.16288902
4475.22442902
4622.29283902
4626.22621902
4723.27897902
4737.31977902
4840.32896902
4854.31946902
4985.35995902
4996.43007902
5086.40763902
5093.48283902
5199.49169902
5207.52576902
5286.52372902
5321.56869902
5434.65275902
5449.58705902
5562.71133902
5612.65038902
5669.67184902
5675.79539902
5776.84307902
5806.73075902
5875.91148902
5877.76786902
5980.77705902
6003.97006902
6106.97925902
6108.87201902
6264.97312902
6293.05856902
6367.98231902
6396.06775902
6511.09469902
6524.08342902
6595.12053902
6658.16310902
6709.16346902
6786.22168902
6865.26457902
6885.29009902
6966.31225902
6999.33302902
7122.41336902
7162.39635902
7250.47194902
7307.49340902
7325.45968902
7408.54108902
7424.52809902
7555.56858902
7564.64219902
7677.72625902
7686.60907902
7748.76336902
7799.69313902
7805.78482902
7906.83250902
7955.79424902
8035.87509902
8086.83473902
8198.93842902
8242.93584902
8298.00683902
8399.03695902
8445.07524902
8512.12101902
8576.11573902
8611.18942902
8691.14267902
8710.25783902
8788.19543902
8896.33714902
8919.23592902
9033.39605902
9082.29925902
9164.43654902
9195.38331902
9292.49512902
9358.44664902
9420.55370902
9472.48957902
9557.61261902
9609.54848902
9671.65554902
9737.60706902
9834.71887902
9865.66564902
9947.80293902
9996.70613902
10110.866269
10133.765049
10241.906759
10319.844359
10338.959519
10418.912769
10453.986459
10517.981179
10585.026949
10631.065239
10732.095359
10787.166349
10831.163769
10943.267459
10994.227099
11074.307949
11123.269689
11224.317369
11230.409059
11281.338829
11343.493119
11352.375939
11465.459999
11474.533609
11605.574099
11621.561109
11704.642509
11722.608789
11779.630249
11867.705839
11907.688829
12030.769169
12063.789939
12144.812099
12164.837619
12243.880509
12320.938729
12371.939089
12434.981659
12506.018769
12519.007499
12634.034439
12662.119879
12737.043629
12765.129069
12921.230179
12923.122939
13026.132129
13049.325139
13152.334329
13154.190709
13223.371439
13253.259119
13354.306799
13360.430349
13417.451809
13467.390859
13580.515139
13595.449439
13708.533499
13743.578469
13822.576429
13830.610499
13936.619359
13943.694559
14033.672119
14044.742239
14175.782729
14189.773229
14292.782419
14306.823219
14403.875979
14407.809359
14554.877769
14566.939309
14703.998219
14717.941099
14801.050979
14831.025159
14932.091469
14944.109219
15047.118409
