950 958
160 950
13 108
671 40
479 482
689 487
37 358
486 705
8 25
748 614
202 725
721 659
829 109
853 464
745 453
950 480
689 36
112 108
922 504
733 188
614 360
501 896
735 539
306 593
547 767
269 380
817 643
237 328
435 682
650 482
583 742
801 276
913 889
950 258
143 824
197 378
850 472
813 740
267 92
921 601
646 948
261 655
903 336
470 646
920 832
157 421
784 845
285 219
238 92
767 902
541 231
396 635
830 807
200 394
316 117
33 179
393 926
225 468
316 865
86 906
92 89
497 928
335 731
504 424
323 684
771 38
746 391
562 69
255 241
210 913
468 416
896 230
433 856
56 184
839 746
103 337
301 393
150 590
511 814
550 708
581 63
894 789
126 451
210 270
656 764
924 341
70 345
940 676
737 649
532 622
137 204
850 695
286 844
325 234
543 807
699 859
122 344
215 8
95 934
605 213
845 657
899 61
638 467
689 593
628 784
577 258
464 427
949 39
854 376
199 325
51 637
50 719
422 427
165 461
549 920
383 849
259 520
332 733
243 569
140 90
141 766
770 612
568 938
451 750
506 548
139 106
739 70
444 938
541 362
3 316
444 915
215 532
819 303
383 45
314 548
688 916
188 634
327 918
519 413
438 224
127 413
49 7
616 225
142 601
40 137
422 737
591 390
705 586
920 224
653 164
505 657
198 478
130 299
268 56
725 102
713 347
691 118
837 566
99 871
238 873
378 19
485 861
283 22
822 478
118 451
514 420
606 434
649 770
210 773
24 252
536 511
581 877
871 194
529 419
845 669
936 135
806 763
300 490
939 242
741 407
85 206
583 14
354 92
566 524
295 401
663 776
922 201
791 23
563 416
249 265
379 740
77 687
171 373
591 100
489 878
509 676
938 114
564 305
915 523
700 542
732 434
591 374
173 671
351 722
204 128
942 83
886 17
106 710
808 469
884 510
11 349
839 688
644 853
914 225
926 891
827 471
9 98
64 443
557 475
682 367
132 698
61 199
527 242
602 874
590 867
522 800
279 621
406 863
696 906
905 295
96 673
540 690
621 887
363 734
472 60
305 650
1 80
293 50
305 769
467 504
304 54
927 214
538 465
611 566
290 571
558 744
251 375
458 318
626 140
245 800
766 812
424 341
724 107
611 715
606 51
298 119
317 247
7 656
571 724
25 136
796 121
423 118
46 61
278 823
16 292
699 216
884 69
491 66
893 191
762 521
917 333
646 259
332 685
476 271
715 878
746 564
191 418
577 903
443 452
696 858
698 876
219 441
546 666
773 176
2 240
170 813
256 179
125 437
117 456
642 266
742 835
909 407
340 105
9 817
370 744
141 255
333 586
251 515
582 453
373 827
669 423
746 77
20 75
705 201
852 573
856 625
452 535
528 181
299 507
886 518
389 289
838 753
350 370
449 606
632 9
460 418
592 267
468 812
175 664
461 419
119 604
329 543
879 319
776 40
263 528
323 317
511 852
924 711
611 485
743 736
95 570
865 478
931 621
427 739
494 72
704 465
443 423
606 145
677 341
847 649
912 25
654 269
297 492
860 325
810 870
747 100
67 589
566 710
799 560
463 571
780 806
783 188
544 900
163 784
265 778
749 503
808 702
888 657
429 505
521 872
453 363
52 385
567 354
515 949
175 486
683 353
884 486
210 671
300 106
89 119
5 109
852 300
527 482
168 524
731 152
114 923
294 446
519 179
113 792
28 59
887 665
796 26
57 419
752 461
173 949
277 568
756 566
653 822
243 703
588 271
386 403
355 63
413 193
947 450
804 652
574 848
668 397
741 193
294 174
911 783
910 395
561 499
799 935
508 395
244 280
338 591
83 699
677 206
135 627
244 684
908 817
732 771
534 11
722 520
395 690
228 820
559 504
654 656
22 780
834 341
851 665
179 726
782 78
194 101
609 276
911 121
494 764
315 250
443 468
874 33
191 233
694 655
635 210
279 321
632 826
447 533
916 523
505 143
449 75
143 112
563 85
726 547
926 267
631 293
491 635
769 837
785 417
8 282
595 537
536 23
742 87
305 532
501 717
839 489
528 913
867 268
341 688
942 901
734 334
589 46
670 404
122 170
811 124
531 46
626 775
79 870
583 528
819 87
777 755
936 869
174 747
171 32
801 579
254 687
79 791
230 796
304 547
4 785
941 337
170 430
17 666
444 344
171 339
733 251
770 359
521 227
763 893
945 393
862 309
667 533
904 896
262 64
815 843
442 389
553 203
138 251
877 285
497 891
418 347
273 592
212 443
680 516
44 575
629 593
819 531
690 185
682 295
779 671
97 721
493 721
44 945
427 280
196 884
64 349
91 643
411 791
203 603
544 374
8 867
696 936
197 746
907 328
605 341
872 138
598 452
230 217
890 14
495 104
600 194
890 583
293 636
424 143
920 850
857 189
707 34
928 437
405 757
256 377
671 884
688 516
341 290
55 311
405 584
127 209
411 632
645 885
357 59
154 327
509 610
613 23
772 381
460 930
725 699
707 116
536 207
777 311
797 64
454 436
694 933
253 761
835 620
690 254
548 189
25 829
549 869
817 764
779 119
794 160
813 79
435 763
528 193
533 183
181 293
387 272
86 202
712 487
908 480
313 242
681 886
940 551
812 220
201 380
172 306
443 299
837 32
703 596
55 347
936 731
444 647
502 85
418 570
408 455
763 110
864 148
835 109
221 197
408 334
518 89
572 449
928 586
200 316
254 167
377 632
705 884
545 927
645 190
460 436
468 186
649 802
116 706
738 61
154 329
683 736
467 591
818 572
248 513
788 114
73 134
312 187
450 529
860 789
903 576
871 687
384 276
199 600
479 442
293 925
65 146
322 671
862 874
642 620
868 739
850 914
765 238
334 610
648 143
948 429
322 710
636 408
860 464
295 172
939 287
946 261
169 547
340 894
47 874
719 811
554 501
726 946
537 142
694 811
175 51
933 311
922 947
111 335
382 621
655 215
238 657
513 396
484 883
905 514
514 661
881 647
417 463
480 881
657 917
329 240
411 785
693 11
415 532
101 860
881 475
671 927
748 437
613 297
473 267
496 778
928 443
681 23
794 679
32 624
147 567
423 348
806 903
308 452
918 927
592 691
803 450
718 130
697 689
880 461
684 455
130 180
286 573
218 638
414 176
536 535
522 384
310 865
194 366
565 850
395 723
57 919
612 682
579 706
78 330
763 852
132 682
383 912
550 449
7 557
361 825
626 689
933 334
649 93
451 841
367 17
948 516
318 664
159 321
477 689
26 942
161 726
428 358
449 420
747 253
479 7
604 562
761 155
923 356
471 223
447 313
555 88
300 874
87 333
98 620
695 164
331 872
52 895
128 338
255 655
40 691
107 852
711 671
857 692
61 142
487 456
871 535
851 565
70 531
908 770
6 361
85 807
817 169
833 396
215 246
574 536
214 361
239 797
910 864
68 728
160 515
23 655
948 431
549 100
93 583
340 435
199 396
488 922
767 528
910 920
454 902
170 751
43 631
22 498
174 316
126 304
576 269
743 893
843 594
592 240
364 411
149 416
894 462
878 697
245 424
852 384
336 570
398 771
554 352
813 142
347 189
224 802
597 783
344 258
350 187
304 261
158 462
530 114
368 247
890 546
180 618
711 31
70 374
253 676
803 37
791 30
440 785
531 7
929 187
80 162
202 537
352 780
120 717
808 251
230 922
775 72
630 662
135 429
333 406
477 831
853 832
782 222
35 887
483 235
136 689
357 815
60 750
515 230
664 694
329 55
363 307
617 206
696 562
211 742
476 48
900 357
559 899
79 243
796 822
561 724
756 519
393 465
398 590
388 533
681 549
187 188
434 485
483 716
177 170
538 64
165 722
150 231
939 822
308 243
379 517
223 881
407 509
728 95
68 157
435 767
823 299
357 800
486 853
567 724
936 862
668 686
75 110
918 875
911 657
270 502
75 433
210 556
247 28
789 329
720 496
444 417
683 667
468 114
640 195
247 473
334 331
106 869
769 803
434 902
712 311
870 134
67 864
528 766
833 823
357 525
356 539
223 945
134 788
832 139
826 62
331 212
597 901
757 272
293 378
807 353
841 114
732 217
246 721
808 164
143 214
210 419
789 704
702 355
526 525
886 939
446 426
387 688
738 600
793 895
763 156
529 809
210 173
376 231
543 78
128 818
400 713
697 736
943 349
745 334
948 341
69 261
158 569
730 275
569 553
365 672
539 893
669 934
286 76
640 896
602 564
933 881
652 135
767 69
213 317
910 134
929 71
7 64
921 899
700 563
284 24
758 377
343 325
587 228
262 733
383 9
814 121
404 372
567 660
681 349
601 256
68 85
587 406
221 816
